234258501
374007201
399380001
194525701
290499701
444057601
381723101
255407701
258737001
197226201
194114901
405476801
380432101
202684801
373448001
89923501
173515801
299265501
402875901
412217701
269316201
203115801
286663101
438982201
370628001
382522201
402553701
421401301
410825501
330139501
268532401
253095001
440749601
198280401
433685601
219942801
201291901
283013901
411977401
296071801
411690201
256799201
347493801
259641301
388518701
392232201
347354701
212496701
247870901
303616101
449502101
217282801
299426501
313389701
15178501
237560401
264263501
261364601
190528801
396763901
408212701
237663801
95387401
259095601
306014001
440966401
437412101
193357101
258500601
341635501
172735001
318378201
450636001
194685301
189720101
257996201
384548601
281538101
94935801
211256101
306934801
401834801
310499501
350120401
234372001
100264301
344969401
445967701
270111101
279483001
218859901
447334201
4728801
413218601
430059201
236346501
283239701
183105001
324264601
197427901
418192901
398956001
386882901
224197701
323360401
433089101
317138101
227286801
293071101
199676401
339626501
292713201
436777601
217013701
437280901
276220701
236119301
178480101
192135801
360830001
392415401
192943001
425433901
298221201
339191401
262068001
214337801
222220601
354573201
312921001
243022901
383253601
322698401
184898001
251018701
333190101
189927701
309911601
226808001
423947501
296312801
310690901
200971901
263201501
353855301
347399701
115285501
182160701
261724301
243413601
435244401
434316901
321279801
319193001
303388501
229283501
141480301
126379601
289188101
294597301
346680701
277127601
176134201
177564301
280730401
357350201
429688801
443008301
184235001
290681301
274861801
383184801
353572201
178859901
272499801
215636101
328178001
262561601
268105701
438757801
347191801
324185801
423605101
442194401
330408701
271442401
402496901
186017701
211497301
258814201
438804601
386179101
432663401
381702901
270067301
485963101
369573901
218233901
291292001
215243401
440093901
415434501
304611601
236102701
116731601
354781201
116861901
217869301
189341501
417005701
30016001
441407501
264547501
318864901
204697301
122579801
280334301
333873901
177345701
85906801
269878001
262884401
432831001
444168901
204285601
316934301
282802601
206279101
202983201
406404601
383457801
310369501
438715701
271010601
225455501
338138601
271338101
325998601
300065801
195305601
432699701
218587601
361508601
253766001
332880901
262144701
215707301
215827901
433416701
376540501
95416901
401357401
265350101
345124901
313874301
223071901
215765101
191161701
394425801
339590701
449602701
300988301
376049501
449420601
332338301
299609101
320927701
219741801
268121101
425327701
179946401
248786901
354022801
306196501
201910601
408046201
447672201
226245801
257280101
397884801
445466001
275129501
196033401
195775701
414947001
176810601
442270101
322465001
362144401
348051201
335620901
221737701
278121401
175973201
309103201
378920901
337476701
266727801
376431901
300289201
367523501
405411501
297793801
360285601
255642901
357091501
451278701
145079601
189018501
300896301
409773301
223111301
248527101
396762001
263711701
229337701
172985901
451078401
322297401
198391401
279829601
221412001
437560001
445184401
338792201
194959101
278547201
408219301
239607801
386490501
384319601
218727601
194276701
373332101
300361901
92161201
248868601
376113501
324902401
358383701
301881101
388535001
436363401
275957301
319398501
379084701
354599001
315322601
337270901
94941601
328269601
249963301
383167801
410650501
403733001
307849701
205557701
450033001
367541001
251338601
194778501
343570201
428321801
173668801
173401501
336761601
373141001
330603701
231608601
333791301
15152401
389966501
183764201
248040201
306124101
366736001
267075701
423878101
302692001
224911301
396070501
265553401
269050701
282630301
176907201
318983701
418639701
233398801
206352101
335447701
369859901
290779501
387582201
441658701
339302201
359562001
212085501
150500801
254657101
377241901
417407701
425501901
234892001
448386801
345264001
302929201
192918401
422449401
300023501
286362701
376006501
100751301
224740901
394662101
287137101
250722601
410754201
325366701
286453301
299581901
