242492301
180150401
261730001
382686901
95436701
333556201
183374401
323360401
277458401
208168101
330429801
209588301
385334801
79655301
319316001
327788801
300023501
247170701
386432901
222077501
234527501
370451101
332605001
95001601
232615601
242453301
336449801
424311701
333927601
281803901
363827301
314805901
316629101
440864301
406571201
268135001
413728501
330432601
301094101
377313401
303248101
376431901
400690201
439819601
371412601
291026101
432296901
226808001
95416901
345702301
305630601
307698501
215794801
193140201
374758701
324552701
376504101
208136201
337114301
436422601
209146001
338184701
369796001
250683801
331349301
339626501
442279701
79826301
252109201
357622801
399292301
399252301
423707301
173033101
324819201
366469701
126347201
256037201
339719301
345211201
189927701
141744501
118191601
331506701
240016601
259047601
302374701
48865801
379155601
239607801
233248201
191274601
261724301
242504101
214410101
325948101
226052801
136660001
380837201
194752701
268452601
122579801
340693701
240623901
218070801
237210401
308806101
432699701
386876001
351177701
219060801
370153101
233347301
194879401
414831801
413733301
95247001
352303201
274317201
324979301
254507701
262961301
347379101
301880301
269785501
297421301
387263901
94941601
94935801
322698401
186331801
355841801
339045101
338631101
358793401
196401101
183408901
115832401
399685001
215730701
234560501
235076101
264064001
173190201
183182901
444070701
247890001
110697001
330139501
217300301
203757601
189448701
185932401
95111601
150043701
214789601
145079601
172817401
365177701
373603201
184499701
364373301
245285101
418247501
258709701
211906601
290956001
277017201
196023401
311782301
448275901
447481201
84040101
403432401
253024701
283580501
236186301
223700701
435244401
247138501
318972101
210973001
265252001
376448801
232849701
342959901
220155801
177070401
440715901
229456601
351085001
212085501
298250201
144677801
115601801
274469701
293425501
177685501
385581001
327633901
448237401
309297701
328087801
289999601
350632901
201630201
100260601
360634101
377313301
94928601
298787701
220070301
259095601
324942401
173266801
284186001
345228101
274134101
353744801
246732701
266480201
176134201
256160001
186200801
212497301
339226501
268532401
331267501
398744001
221737701
259232201
286874201
321235801
269418501
183885101
272175301
349680101
273013701
336697201
214999701
217497401
305733801
333873901
182773901
317581001
208641001
308793101
188825001
307713801
218509501
313888501
339227501
359599501
250706401
440998801
350706101
262980801
99701001
381632201
242662401
442194401
16253101
332454301
306934801
416018601
364216101
345212201
116448301
447672201
264130901
275424701
227190701
266100601
290625901
449602701
78984701
290049101
418342701
240477601
326910901
358828301
437942401
412409601
379084701
180371701
125579201
269100101
333055901
354881801
182749001
223111301
149760101
242877701
195459701
317225801
237085901
255401501
286427001
187175701
370056101
297793801
368093501
427863701
198489701
321034501
231708101
232334001
282830101
203440001
363526201
253696201
354368001
305800601
412360701
216328601
254266701
364618401
182410301
372550901
300625801
218852301
366424901
375150501
327302101
375794001
206912901
386050601
269156101
94914301
341173401
384829201
262035001
205337401
222723001
313697801
204285601
189502301
254443801
274345001
234335601
95573801
356287001
417217601
335447701
204953701
374293001
375293501
177755401
177149701
357575901
430326101
171838801
100134601
356423101
145861501
287275401
90164501
209665401
448615501
202062601
372694801
399093901
291122701
246696401
173782601
373604401
181930301
302929201
265350101
294182001
258814201
396746301
280823001
384970001
290495001
212707601
92280801
203297101
439332801
304199901
299024701
354923201
214271501
178840301
235255001
424283401
432831001
445549401
392523201
214553601
174303801
253845401
419707701
439987301
397659901
4728801
307725401
312378501
229243301
259563901
212056101
349509501
239353801
301706401
239849501
351338501
250728701
192486601
316856201
254950601
365468401
207638201
404660901
264214801
417334101
348576701
345680601
396374701
229068501
94720101
355990601
316930401
211497301
201577801
286844401
320605801
360285601
249628801
222163601
314653101
224861701
207557001
393745001
293735401
306699201
258549901
450808701
338369601
101846601
218643901
249875901
276607801
401324201
188075401
231608601
324148001
232172301
363286801
434316901
417858201
393176801
335424001
224530801
315196201
264724401
192010901
395274601
438982201
407476901
318116901
357448401
212547601
99843901
241047001
451275401
447770601
279288701
231291001
391665001
391675101
421531701
182203601
363509701
316713301
383253601
356449701
426607401
234425801
184263601
205391401
385319001
437601201
420932101
148779501
285331401
185301201
395675101
196899601
411442501
95123501
300480901
203542701
31454501
304008901
322454801
312310801
334026401
341962601
385488301
424702701
435374401
247306101
186018001
275540301
368804101
360987301
337476701
227404501
15183401
459514101
377222701
229024201
267936601
270263901
257974201
441031201
233755901
225855301
242031101
221631501
383401201
364085301
264547501
227289801
266611501
349809501
157329801
300798401
211268401
317331701
365723001
310690901
440370801
368271901
441728601
259115001
303334101
282686301
371792601
212542001
375898701
181656001
199705101
332880901
397698001
196922201
184120601
95763901
375732801
266232901
196064201
247928201
257280101
341745401
93792701
176050701
401511801
381549701
440093901
330839501
328876901
220301301
370265901
205687401
304657301
272499801
324185801
292045901
285519901
414651701
243561601
317357301
344969401
263711701
208493701
278409701
178409601
328585301
309911601
176081001
360792101
347161801
301004301
212728301
298183101
371720901
370370801
204126201
222060401
361572001
394754101
206352101
304670801
195128001
276554601
248658101
328058901
420387601
207884201
197612501
451007301
397212801
383805501
293579901
224727901
263089701
265889701
216929601
192047401
333105301
391877401
392999601
205753301
193213201
235789801
176493201
285363101
276607301
258027601
178483501
248601501
28208501
190098501
311868301
205738501
244778301
223442601
423724101
243016201
85906801
327918101
262100001
344602301
173132501
233240601
405476801
236346501
236228001
254362001
92880301
398956001
218048501
100369101
178268001
370845201
408456101
178306901
95170401
219624601
358722001
211537101
249426201
282497701
323551501
364941901
451481901
190733001
293265701
357753401
95718601
309097601
201880301
95019701
116861901
221278201
241284401
332338301
304716701
204030101
282818601
335558001
244040701
201469301
247870901
320639901
266218801
59096601
419402601
430305901
401113201
259442301
277344501
321035701
391309401
430877101
321557401
309604501
311585101
293985301
29165601
339590701
181193501
292739401
154575201
378827801
328557301
407275601
186767401
310084101
328201401
309103201
250680101
437867901
278591401
200770301
339191401
258483601
